image: willow.pgm
resolution: 0.050000
origin: [-5.591682, -6.037962, 0.000000]
negate: 0
occupied_thresh: 0.65
free_thresh: 0.196

